   0.0000000   0.0000000   2.0000000  -4.0000000   0.0000000
   2.0000000  -1.0000000  -6.0000000   1.0000000   0.0000000
   8.0000000   0.0000000   3.0000000  -4.0000000  -1.0000000
  
 izrov
 1 5 6 3
  
 iposv
 2 4
  
 icase 
 0
  
   0.6666670  -0.3333333   0.3333333   0.0000000  -3.6666665
   0.3333334  -0.1666667   0.1666667   0.0000000   0.1666667
   9.0000000  -0.5000000   0.5000000   1.0000000  -3.4999998
 _____________________
 SOLUTION
 x 2 =   0.3333334
 x 4 =   9.0000000
 total cost =    0.6666670
